# ECEF Positions (meters) and times (seconds)
# X, Y, Z, T
-742016.236541, -5462218.663249, 3198014.127100, 0.0
-742016.468396, -5462218.653262, 3198014.127872, 0.7661
-742016.622044, -5462218.607407, 3198014.136340, 1.5711
-742016.658347, -5462218.728187, 3198014.255754, 2.2534
-742016.630105, -5462218.809458, 3198014.362189, 3.0292
-742016.658623, -5462219.015208, 3198014.516705, 3.7888
-742016.633684, -5462219.056067, 3198014.636996, 4.4996
-742016.657189, -5462219.063126, 3198014.549584, 5.2366
-742016.628529, -5462219.016563, 3198014.395772, 5.9968
-742016.672780, -5462219.166259, 3198014.495934, 6.8542
-742016.713211, -5462219.463866, 3198014.690184, 7.6873
-742016.742098, -5462219.563318, 3198014.709468, 8.3968
-742016.739558, -5462219.488369, 3198014.605910, 9.2378
-742016.707556, -5462219.574836, 3198014.653824, 10.0096
-742016.390941, -5462219.666826, 3198014.628121, 10.7577
-742016.181098, -5462219.728211, 3198014.686782, 11.5291
-742015.851640, -5462219.785094, 3198014.684698, 12.2730
-742015.459862, -5462219.843915, 3198014.684358, 13.0193
-742015.109534, -5462219.826980, 3198014.692973, 13.8140
-742015.359079, -5462219.818563, 3198014.689814, 14.6062
-742015.707384, -5462219.807488, 3198014.666356, 15.3988
-742016.103203, -5462219.745979, 3198014.676204, 16.1689
-742016.595741, -5462219.750063, 3198014.625270, 16.8827
-742016.745982, -5462219.951406, 3198014.216070, 17.6542
-742016.857508, -5462219.967867, 3198014.176995, 18.4531
-742016.859210, -5462220.006592, 3198014.111982, 19.2178
-742016.800210, -5462220.095392, 3198013.910174, 19.9988
-742016.781619, -5462220.207574, 3198013.790764, 20.7706
-742016.767130, -5462220.258211, 3198013.790622, 21.5115
-742016.747656, -5462220.177518, 3198013.742425, 22.2703
-742016.708021, -5462220.024209, 3198013.569473, 22.9967
-742016.671263, -5462219.781518, 3198013.435783, 23.7734
-742016.684131, -5462219.776007, 3198013.388845, 24.4889
-742016.683529, -5462219.714921, 3198013.415897, 25.2069
-742016.703720, -5462219.916501, 3198013.531923, 25.9326
-742016.763595, -5462220.293511, 3198013.745364, 26.5943
-742016.772452, -5462220.534811, 3198013.811361, 27.3874
-742016.771673, -5462220.579167, 3198013.847962, 28.1472
-742016.804511, -5462220.614869, 3198013.756819, 28.8745
-742016.555770, -5462220.717502, 3198013.677200, 29.6656
-742016.246685, -5462220.856858, 3198013.679763, 30.3643
-742016.122347, -5462220.829249, 3198013.627964, 31.1112
-742015.981665, -5462220.888135, 3198013.583399, 31.8540
-742015.726940, -5462220.947385, 3198013.582849, 32.6136
-742015.679538, -5462220.803991, 3198013.465887, 33.3729
-742015.655642, -5462220.729781, 3198013.437309, 34.0970
-742015.667171, -5462220.771844, 3198013.434880, 34.8461
-742015.695042, -5462220.620320, 3198013.389981, 35.5911
-742015.655241, -5462220.494289, 3198013.381270, 36.3600
-742015.293551, -5462220.308405, 3198013.278016, 37.1428
-742015.313793, -5462220.336916, 3198013.279724, 37.9261
-742015.295552, -5462220.073238, 3198013.138034, 38.6501
-742015.264231, -5462219.816281, 3198013.011618, 39.4025
-742015.269358, -5462219.708835, 3198012.976504, 40.1160
-742015.357736, -5462219.677994, 3198012.962652, 40.8326
-742015.333999, -5462219.739958, 3198013.026979, 41.5824
-742015.277195, -5462220.067907, 3198013.170232, 42.3784
-742015.296901, -5462220.424124, 3198013.365560, 43.1053
-742015.327135, -5462220.774494, 3198013.512583, 43.8665
-742015.124084, -5462220.808420, 3198013.493139, 44.6097
-742014.785979, -5462220.917861, 3198013.513018, 45.3932
-742014.568405, -5462220.894504, 3198013.540179, 46.1105
-742014.330171, -5462220.964617, 3198013.566571, 46.8615
-742014.324671, -5462220.876204, 3198013.527558, 47.6281
-742014.319702, -5462220.947328, 3198013.546388, 48.4111
-742014.324734, -5462220.972952, 3198013.576463, 49.2074
-742014.386385, -5462221.315356, 3198013.808957, 49.9600
-742014.377644, -5462221.393934, 3198013.829661, 50.6653
-742014.384664, -5462221.411378, 3198013.846534, 51.3930
-742014.376240, -5462221.417119, 3198013.829853, 52.1112
-742014.344242, -5462221.194412, 3198013.716023, 52.9317
-742014.308192, -5462220.919355, 3198013.563935, 53.6632
-742014.320697, -5462220.896698, 3198013.516043, 54.4356
-742014.309586, -5462220.914988, 3198013.510833, 55.1799
-742014.271897, -5462220.888925, 3198013.526513, 55.9565
-742014.266572, -5462220.886748, 3198013.512085, 56.6836
-742014.243642, -5462220.841564, 3198013.507470, 57.3915
-742014.228950, -5462220.499757, 3198013.331873, 58.0988
-742014.220431, -5462220.340242, 3198013.209029, 58.8635
-742014.224696, -5462220.310265, 3198013.204640, 59.6082
-742014.221354, -5462220.269682, 3198013.209314, 60.3523
-742014.164858, -5462220.019647, 3198013.087519, 61.1449
-742014.137874, -5462219.977892, 3198013.210564, 61.9036
-742014.224615, -5462219.891985, 3198013.472326, 62.6595
-742013.970773, -5462219.866713, 3198013.474689, 63.4572
-742013.544529, -5462219.913791, 3198013.420463, 64.1830
-742013.414349, -5462219.727070, 3198013.756213, 64.9539
-742013.416620, -5462219.519840, 3198014.059206, 65.7290
-742013.410556, -5462219.531069, 3198014.104579, 66.4717
-742013.405714, -5462219.694553, 3198014.223315, 67.2282
-742013.412822, -5462219.879551, 3198014.267178, 67.9432
-742013.424918, -5462219.962245, 3198014.308561, 68.6587
-742013.453624, -5462220.046352, 3198014.295035, 69.4119
-742013.438871, -5462220.156045, 3198014.366655, 70.1836
-742013.458880, -5462220.512043, 3198014.515413, 71.0111
-742013.466031, -5462220.504698, 3198014.486451, 71.7411
-742013.747077, -5462220.468555, 3198014.544278, 72.4967
-742014.062569, -5462220.387960, 3198014.521878, 73.2443
-742014.306567, -5462220.281888, 3198014.711954, 73.9363
-742014.416734, -5462220.034709, 3198015.029392, 74.6731
-742014.166242, -5462219.927179, 3198015.374315, 75.3693
-742013.857400, -5462219.868697, 3198015.540951, 76.1445
-742013.518203, -5462219.734435, 3198015.632500, 76.8678
-742013.531334, -5462219.843677, 3198015.601811, 77.6208
-742013.540254, -5462219.807549, 3198015.625027, 78.3545
-742013.548234, -5462219.729421, 3198015.635731, 79.1136
-742013.653549, -5462220.103208, 3198015.849818, 79.8456
-742013.725535, -5462220.194878, 3198015.947792, 80.6103
-742013.677150, -5462219.994565, 3198015.806730, 81.3825
-742013.640498, -5462219.782581, 3198015.691068, 82.1838
-742013.609877, -5462219.518028, 3198015.549809, 82.9280
-742013.567696, -5462219.226615, 3198015.364188, 83.6139
-742013.548447, -5462219.078360, 3198015.309484, 84.3387
-742013.579488, -5462219.025905, 3198015.298598, 85.1293
-742013.566528, -5462219.019235, 3198015.292384, 85.8471
-742013.589104, -5462219.277363, 3198015.457298, 86.6260
-742013.599741, -5462219.333970, 3198015.498389, 87.3797
-742013.592301, -5462219.386065, 3198015.528666, 88.1728
-742013.705911, -5462219.328097, 3198015.575219, 88.8640
-742013.892378, -5462219.476075, 3198015.314276, 89.6080
-742014.091634, -5462219.598762, 3198015.073693, 90.3218
-742014.443803, -5462219.651236, 3198014.901160, 91.1590
-742014.813055, -5462219.620004, 3198014.854035, 91.9338
-742015.088672, -5462219.642856, 3198014.785572, 92.7252
-742015.054980, -5462219.545144, 3198014.929147, 93.4434
-742015.007580, -5462219.328084, 3198015.218565, 94.1794
-742014.965528, -5462219.283530, 3198015.401230, 94.9212
-742014.983035, -5462219.299177, 3198015.403208, 95.7041
-742014.986801, -5462219.521069, 3198015.554989, 96.4458
-742014.940469, -5462219.690386, 3198015.638042, 97.2168
-742014.923410, -5462219.743627, 3198015.659695, 97.9053
-742014.891122, -5462219.741337, 3198015.667105, 98.6447
-742014.981990, -5462219.678812, 3198015.631876, 99.3700
-742014.905318, -5462219.569537, 3198015.555937, 100.0727
-742014.967662, -5462219.465408, 3198015.667096, 100.8379
-742015.004669, -5462219.351817, 3198015.571644, 101.5964
-742015.011866, -5462219.294051, 3198015.568869, 102.3474
-742015.063717, -5462219.034623, 3198015.422177, 103.0573
-742015.000515, -5462218.934991, 3198015.351426, 103.8412
-742014.989084, -5462218.887297, 3198015.304637, 104.6017
-742015.022392, -5462218.773507, 3198015.581188, 105.3427
-742014.969665, -5462218.560208, 3198015.848103, 106.0934
-742014.951755, -5462218.570901, 3198015.920916, 106.8355
-742014.939016, -5462218.659433, 3198015.960128, 107.5330
-742015.003584, -5462218.944279, 3198016.156143, 108.2745
-742016.265324, -5462218.877318, 3198015.573510, 108.9995
-742016.232215, -5462218.845336, 3198015.607997, 109.7201
-742016.188626, -5462218.558708, 3198015.468641, 110.4354
-742016.198956, -5462218.523080, 3198015.442984, 111.1694
-742016.238969, -5462218.689962, 3198015.553314, 111.8594
-742016.294916, -5462219.039673, 3198015.783385, 112.6383
-742016.321708, -5462219.149080, 3198015.816737, 113.4039
-742016.310547, -5462219.347370, 3198015.695569, 114.1533
-742016.172492, -5462219.462801, 3198015.446921, 114.9022
-742016.047657, -5462219.766915, 3198015.189598, 115.6283
-742015.940322, -5462219.806368, 3198014.877209, 116.4089
-742015.793938, -5462220.160490, 3198014.595918, 117.1549
-742015.687455, -5462220.100544, 3198014.457467, 117.8834
-742015.748991, -5462220.226483, 3198014.492769, 118.6740
-742016.159732, -5462219.897737, 3198014.609378, 119.4172
-742016.242747, -5462219.883276, 3198014.668534, 120.1496
-742016.311760, -5462219.788205, 3198014.750277, 120.8907
-742016.330103, -5462219.769763, 3198014.786072, 121.6153
-742016.317249, -5462219.714075, 3198014.770035, 122.3317
-742016.286993, -5462219.365183, 3198014.602022, 123.1575
-742016.213680, -5462218.991952, 3198014.424168, 123.9571
-742016.188612, -5462218.724210, 3198014.275704, 124.7164
-742016.124815, -5462218.427827, 3198014.113180, 125.4287