+--------+--------+--------+---------+
|   E    |   N    |   U    |  time   |
+--------+--------+--------+---------+
|   0    |   0    |   0    |    0    |
+--------+--------+--------+---------+
| 0.229  | -0.036 | 0.009  |  0.766  |
+--------+--------+--------+---------+
| 0.379  | -0.072 | 0.053  |  1.571  |
+--------+--------+--------+---------+
| 0.437  | 0.086  | 0.008  |  2.253  |
+--------+--------+--------+---------+
| 0.427  | 0.221  | -0.008 |  3.029  |
+--------+--------+--------+---------+
| 0.487  | 0.452  | -0.109 |  3.789  |
+--------+--------+--------+---------+
| 0.479  | 0.579  | -0.084 |   4.5   |
+--------+--------+--------+---------+
| 0.493  | 0.504  | -0.134 |  5.237  |
+--------+--------+--------+---------+
| 0.444  | 0.353  | -0.171 |  5.997  |
+--------+--------+--------+---------+
| 0.509  | 0.508  | -0.25  |  6.854  |
+--------+--------+--------+---------+
| 0.592  | 0.817  | -0.41  |  7.687  |
+--------+--------+--------+---------+
|  0.63  | 0.879  | -0.486 |  8.397  |
+--------+--------+--------+---------+
|  0.61  | 0.753  | -0.473 |  9.238  |
+--------+--------+--------+---------+
|  0.59  | 0.841  | -0.524 |  10.01  |
+--------+--------+--------+---------+
| 0.279  | 0.908  | -0.617 | 10.758  |
+--------+--------+--------+---------+
| 0.082  | 1.017  | -0.64  | 11.529  |
+--------+--------+--------+---------+
| -0.241 | 1.088  | -0.691 | 12.273  |
+--------+--------+--------+---------+
| -0.625 | 1.169  | -0.742 | 13.019  |
+--------+--------+--------+---------+
| -0.972 | 1.215  | -0.723 | 13.814  |
+--------+--------+--------+---------+
| -0.726 | 1.175  | -0.717 | 14.606  |
+--------+--------+--------+---------+
| -0.384 | 1.102  | -0.719 | 15.399  |
+--------+--------+--------+---------+
| 0.005  | 1.027  | -0.661 | 16.169  |
+--------+--------+--------+---------+
| 0.487  | 0.919  | -0.69  | 16.883  |
+--------+--------+--------+---------+
| 0.602  | 0.648  | -1.07  | 17.654  |
+--------+--------+--------+---------+
| 0.709  | 0.608  | -1.103 | 18.453  |
+--------+--------+--------+---------+
| 0.706  | 0.571  | -1.17  | 19.218  |
+--------+--------+--------+---------+
|  0.63  |  0.45  | -1.348 | 19.999  |
+--------+--------+--------+---------+
| 0.605  | 0.406  | -1.505 | 20.771  |
+--------+--------+--------+---------+
| 0.594  | 0.433  | -1.548 | 21.512  |
+--------+--------+--------+---------+
| 0.564  | 0.354  | -1.503 |  22.27  |
+--------+--------+--------+---------+
| 0.494  | 0.135  | -1.457 | 22.997  |
+--------+--------+--------+---------+
| 0.426  | -0.095 | -1.314 | 23.773  |
+--------+--------+--------+---------+
| 0.433  | -0.14  | -1.333 | 24.489  |
+--------+--------+--------+---------+
| 0.431  | -0.147 | -1.267 | 25.207  |
+--------+--------+--------+---------+
| 0.478  |  0.05  | -1.383 | 25.933  |
+--------+--------+--------+---------+
| 0.588  | 0.413  | -1.602 | 26.594  |
+--------+--------+--------+---------+
| 0.621  | 0.588  | -1.777 | 27.387  |
+--------+--------+--------+---------+
| 0.627  | 0.641  | -1.797 | 28.147  |
+--------+--------+--------+---------+
| 0.652  | 0.577  | -1.874 | 28.875  |
+--------+--------+--------+---------+
| 0.403  | 0.593  | -2.003 | 29.666  |
+--------+--------+--------+---------+
| 0.106  | 0.706  | -2.122 | 30.364  |
+--------+--------+--------+---------+
| -0.025 | 0.665  | -2.124 | 31.111  |
+--------+--------+--------+---------+
| -0.166 | 0.675  | -2.197 | 31.854  |
+--------+--------+--------+---------+
| -0.414 | 0.738  | -2.249 | 32.614  |
+--------+--------+--------+---------+
| -0.484 | 0.573  | -2.183 | 33.373  |
+--------+--------+--------+---------+
| -0.516 | 0.515  | -2.134 | 34.097  |
+--------+--------+--------+---------+
| -0.502 | 0.532  | -2.171 | 34.846  |
+--------+--------+--------+---------+
| -0.49  | 0.414  | -2.063 | 35.591  |
+--------+--------+--------+---------+
| -0.539 | 0.349  | -1.958 |  36.36  |
+--------+--------+--------+---------+
| -0.922 | 0.217  | -1.849 | 37.143  |
+--------+--------+--------+---------+
|  -0.9  |  0.23  | -1.873 | 37.926  |
+--------+--------+--------+---------+
| -0.952 | -0.02  | -1.716 |  38.65  |
+--------+--------+--------+---------+
| -1.015 | -0.252 | -1.557 | 39.403  |
+--------+--------+--------+---------+
| -1.022 | -0.336 | -1.482 | 40.116  |
+--------+--------+--------+---------+
| -0.938 | -0.375 | -1.462 | 40.833  |
+--------+--------+--------+---------+
| -0.95  | -0.286 | -1.483 | 41.582  |
+--------+--------+--------+---------+
| -0.967 | 0.007  | -1.695 | 42.378  |
+--------+--------+--------+---------+
| -0.901 | 0.349  | -1.905 | 43.105  |
+--------+--------+--------+---------+
| -0.83  | 0.646  | -2.135 | 43.867  |
+--------+--------+--------+---------+
| -1.031 | 0.673  | -2.174 |  44.61  |
+--------+--------+--------+---------+
| -1.357 |  0.79  | -2.258 | 45.393  |
+--------+--------+--------+---------+
| -1.571 | 0.831  | -2.225 | 46.111  |
+--------+--------+--------+---------+
| -1.799 | 0.921  | -2.272 | 46.861  |
+--------+--------+--------+---------+
| -1.815 | 0.844  | -2.215 | 47.628  |
+--------+--------+--------+---------+
| -1.813 | 0.896  | -2.267 | 48.411  |
+--------+--------+--------+---------+
| -1.803 | 0.934  | -2.274 | 49.207  |
+--------+--------+--------+---------+
| -1.691 | 1.295  | -2.454 |  49.96  |
+--------+--------+--------+---------+
| -1.692 | 1.353  | -2.511 | 50.665  |
+--------+--------+--------+---------+
| -1.682 | 1.375  | -2.518 | 51.393  |
+--------+--------+--------+---------+
| -1.692 | 1.365  | -2.531 | 52.111  |
+--------+--------+--------+---------+
| -1.752 | 1.161  | -2.396 | 52.932  |
+--------+--------+--------+---------+
| -1.824 | 0.899  | -2.234 | 53.663  |
+--------+--------+--------+---------+
| -1.819 | 0.845  | -2.239 | 54.436  |
+--------+--------+--------+---------+
| -1.829 | 0.851  | -2.257 |  55.18  |
+--------+--------+--------+---------+
| -1.866 | 0.856  | -2.227 | 55.956  |
+--------+--------+--------+---------+
| -1.873 | 0.844  | -2.232 | 56.684  |
+--------+--------+--------+---------+
|  -1.9  |  0.82  | -2.195 | 57.392  |
+--------+--------+--------+---------+
| -1.958 | 0.502  | -1.988 | 58.099  |
+--------+--------+--------+---------+
| -1.991 | 0.318  | -1.911 | 58.864  |
+--------+--------+--------+---------+
| -1.99  | 0.299  | -1.888 | 59.608  |
+--------+--------+--------+---------+
| -1.995 | 0.283  | -1.85  | 60.352  |
+--------+--------+--------+---------+
| -2.082 | 0.062  | -1.695 | 61.145  |
+--------+--------+--------+---------+
| -2.097 | 0.151  | -1.597 | 61.904  |
+--------+--------+--------+---------+
| -1.987 | 0.321  | -1.391 |  62.66  |
+--------+--------+--------+---------+
| -2.24  | 0.344  | -1.368 | 63.457  |
+--------+--------+--------+---------+
| -2.665 | 0.379  | -1.436 | 64.183  |
+--------+--------+--------+---------+
| -2.768 | 0.591  | -1.106 | 64.954  |
+--------+--------+--------+---------+
| -2.744 | 0.747  | -0.775 | 65.729  |
+--------+--------+--------+---------+
| -2.744 | 0.793  | -0.762 | 66.472  |
+--------+--------+--------+---------+
| -2.724 | 0.976  | -0.844 | 67.228  |
+--------+--------+--------+---------+
|  -2.7  | 1.105  | -0.982 | 67.943  |
+--------+--------+--------+---------+
| -2.677 |  1.18  | -1.033 | 68.659  |
+--------+--------+--------+---------+
| -2.645 | 1.206  | -1.112 | 69.412  |
+--------+--------+--------+---------+
| -2.643 | 1.324  | -1.171 | 70.184  |
+--------+--------+--------+---------+
| -2.582 | 1.626  | -1.404 | 71.011  |
+--------+--------+--------+---------+
| -2.579 | 1.597  | -1.412 | 71.741  |
+--------+--------+--------+---------+
| -2.296 |  1.59  | -1.352 | 72.497  |
+--------+--------+--------+---------+
| -1.992 | 1.489  | -1.294 | 73.244  |
+--------+--------+--------+---------+
| -1.735 | 1.566  | -1.107 | 73.936  |
+--------+--------+--------+---------+
| -1.606 |  1.7   | -0.733 | 74.673  |
+--------+--------+--------+---------+
| -1.821 | 1.976  | -0.467 | 75.369  |
+--------+--------+--------+---------+
| -2.111 | 2.131  | -0.333 | 76.144  |
+--------+--------+--------+---------+
| -2.446 | 2.189  | -0.171 | 76.868  |
+--------+--------+--------+---------+
| -2.429 | 2.215  | -0.281 | 77.621  |
+--------+--------+--------+---------+
| -2.42  | 2.216  | -0.238 | 78.355  |
+--------+--------+--------+---------+
| -2.416 | 2.185  | -0.165 | 79.114  |
+--------+--------+--------+---------+
| -2.262 |  2.54  | -0.381 | 79.846  |
+--------+--------+--------+---------+
| -2.173 |  2.66  | -0.411 |  80.61  |
+--------+--------+--------+---------+
| -2.251 | 2.446  | -0.309 | 81.382  |
+--------+--------+--------+---------+
| -2.315 | 2.247  | -0.183 | 82.184  |
+--------+--------+--------+---------+
| -2.379 | 1.998  | -0.025 | 82.928  |
+--------+--------+--------+---------+
| -2.462 |  1.7   | 0.133  | 83.614  |
+--------+--------+--------+---------+
| -2.498 | 1.582  | 0.234  | 84.339  |
+--------+--------+--------+---------+
| -2.472 | 1.542  | 0.274  | 85.129  |
+--------+--------+--------+---------+
| -2.486 | 1.535  | 0.277  | 85.847  |
+--------+--------+--------+---------+
| -2.427 | 1.802  | 0.136  | 86.626  |
+--------+--------+--------+---------+
| -2.408 | 1.864  | 0.108  |  87.38  |
+--------+--------+--------+---------+
| -2.408 | 1.917  | 0.078  | 88.173  |
+--------+--------+--------+---------+
| -2.294 | 1.912  | 0.152  | 88.864  |
+--------+--------+--------+---------+
| -2.13  | 1.737  | -0.107 | 89.608  |
+--------+--------+--------+---------+
| -1.952 | 1.565  | -0.334 | 90.322  |
+--------+--------+--------+---------+
| -1.62  | 1.396  | -0.466 | 91.159  |
+--------+--------+--------+---------+
| -1.261 |  1.29  | -0.463 | 91.934  |
+--------+--------+--------+---------+
| -0.995 | 1.206  | -0.517 | 92.725  |
+--------+--------+--------+---------+
| -1.018 | 1.285  | -0.36  | 93.443  |
+--------+--------+--------+---------+
| -1.046 | 1.432  | -0.027 | 94.179  |
+--------+--------+--------+---------+
| -1.069 | 1.572  | 0.103  | 94.921  |
+--------+--------+--------+---------+
| -1.051 | 1.579  |  0.09  | 95.704  |
+--------+--------+--------+---------+
| -1.014 | 1.819  | -0.025 | 96.446  |
+--------+--------+--------+---------+
| -1.039 |  1.98  | -0.13  | 97.217  |
+--------+--------+--------+---------+
| -1.05  | 2.028  | -0.165 | 97.905  |
+--------+--------+--------+---------+
| -1.081 | 2.037  | -0.16  | 98.645  |
+--------+--------+--------+---------+
| -0.999 | 1.964  | -0.123 |  99.37  |
+--------+--------+--------+---------+
| -1.092 | 1.855  | -0.067 | 100.073 |
+--------+--------+--------+---------+
| -1.024 |  1.89  | 0.079  | 100.838 |
+--------+--------+--------+---------+
| -1.006 | 1.746  | 0.129  | 101.596 |
+--------+--------+--------+---------+
| -1.003 | 1.714  | 0.178  | 102.347 |
+--------+--------+--------+---------+
| -0.986 | 1.453  | 0.329  | 103.057 |
+--------+--------+--------+---------+
| -1.064 | 1.351  | 0.379  | 103.841 |
+--------+--------+--------+---------+
| -1.084 | 1.289  | 0.397  | 104.602 |
+--------+--------+--------+---------+
| -1.026 | 1.465  | 0.634  | 105.343 |
+--------+--------+--------+---------+
| -1.062 | 1.594  | 0.953  | 106.093 |
+--------+--------+--------+---------+
| -1.07  | 1.665  |  0.98  | 106.835 |
+--------+--------+--------+---------+
| -1.073 | 1.744  | 0.923  | 107.533 |
+--------+--------+--------+---------+
| -0.967 | 2.045  | 0.775  | 108.275 |
+--------+--------+--------+---------+
| 0.211  | 1.342  | 0.541  | 108.999 |
+--------+--------+--------+---------+
|  0.18  |  1.36  | 0.586  | 109.72  |
+--------+--------+--------+---------+
| 0.102  | 1.104  | 0.764  | 110.435 |
+--------+--------+--------+---------+
| 0.107  | 1.063  | 0.782  | 111.169 |
+--------+--------+--------+---------+
|  0.17  | 1.235  | 0.693  | 111.859 |
+--------+--------+--------+---------+
| 0.276  | 1.599  | 0.506  | 112.638 |
+--------+--------+--------+---------+
| 0.314  | 1.678  | 0.428  | 113.404 |
+--------+--------+--------+---------+
| 0.302  | 1.675  | 0.195  | 114.153 |
+--------+--------+--------+---------+
| 0.144  | 1.537  | -0.029 | 114.902 |
+--------+--------+--------+---------+
| 0.011  | 1.485  | -0.421 | 115.628 |
+--------+--------+--------+---------+
| -0.129 | 1.251  | -0.612 | 116.409 |
+--------+--------+--------+---------+
| -0.283 | 1.206  | -1.06  | 117.155 |
+--------+--------+--------+---------+
| -0.409 | 1.072  | -1.077 | 117.883 |
+--------+--------+--------+---------+
| -0.335 | 1.156  | -1.169 | 118.674 |
+--------+--------+--------+---------+
| 0.063  | 1.038  | -0.826 | 119.417 |
+--------+--------+--------+---------+
| 0.152  |  1.07  | -0.784 | 120.15  |
+--------+--------+--------+---------+
| 0.223  | 1.083  | -0.66  | 120.891 |
+--------+--------+--------+---------+
| 0.244  | 1.102  | -0.626 | 121.615 |
+--------+--------+--------+---------+
| 0.226  | 1.063  | -0.586 | 122.332 |
+--------+--------+--------+---------+
| 0.153  | 0.749  | -0.369 | 123.157 |
+--------+--------+--------+---------+
| 0.034  | 0.421  | -0.135 | 123.957 |
+--------+--------+--------+---------+
| -0.026 | 0.164  | 0.022  | 124.716 |
+--------+--------+--------+---------+
| -0.128 | -0.114 | 0.197  | 125.429 |
+--------+--------+--------+---------+
